8 0 0   0 0 0   0 0 0
0 0 3   6 0 0   0 0 0
0 7 0   0 9 0   2 0 0

0 5 0   0 0 7   0 0 0
0 0 0   0 4 5   7 0 0
0 0 0   1 0 0   0 3 0

0 0 1   0 0 0   0 6 8
0 0 8   5 0 0   0 1 0
0 9 0   0 0 0   4 0 0




hard
7 0 8   0 0 6   3 0 0
0 0 0   0 0 0   9 0 8
0 0 3   0 0 0   4 0 7

0 0 7   0 6 0   0 9 2
8 9 6   0 7 0   0 0 0
1 0 0   0 0 0   0 0 0

6 0 0   0 0 0   0 7 3
3 7 4   0 0 8   0 0 9
0 0 1   0 9 0   0 8 0


easy
0 4 6   5 1 0   3 0 9
0 0 0   7 0 0   0 0 2
1 0 0   3 8 0   0 0 0

3 0 0   6 7 0   0 0 0
0 5 0   0 0 0   0 0 0
6 7 4   0 0 0   0 9 0

5 0 0   9 3 0   4 0 7
0 6 7   2 5 1   0 3 0
8 0 0   4 0 0   0 5 0

hardest hardest
8 0 0   0 0 0   0 0 0
0 0 3   6 0 0   0 0 0
0 7 0   0 9 0   2 0 0

0 5 0   0 0 7   0 0 0
0 0 0   0 4 5   7 0 0
0 0 0   1 0 0   0 3 0

0 0 1   0 0 0   0 6 8
0 0 8   5 0 0   0 1 0
0 9 0   0 0 0   4 0 0

hardest hardest 2
0 0 5   3 0 0   0 0 0
8 0 0   0 0 0   0 2 0
0 7 0   0 1 0   5 0 0

4 0 0   0 0 5   3 0 0
0 1 0   0 7 0   0 0 6
0 0 3   2 0 0   0 8 0

0 6 0   5 0 0   0 0 9
0 0 4   0 0 0   0 3 0
0 0 0   0 0 9   7 0 0

begin
0 0 0   0 0 0   0 0 0
0 0 0   0 0 0   0 0 0
0 0 0   0 0 0   0 0 0

0 0 0   0 0 0   0 0 0
0 0 0   0 0 0   0 0 0
0 0 0   0 0 0   0 0 0

0 0 0   0 0 0   0 0 0
0 0 0   0 0 0   0 0 0
0 0 0   0 0 0   0 0 0